Generation	Rep	Treatment	Temp	pH	Hatched	Unhatched	Total	EPRtot	HFtot
0	1	AA	18	8.2	56	0	56	28	1
0	1	AA	18	8.2	73	0	73	36.5	1
0	1	AA	18	8.2	92	2	94	47	0.98
0	1	AA	18	8.2	69	1	70	35	0.99
0	1	AA	18	8.2	66	0	66	33	1
0	1	AA	18	8.2	81	0	81	40.5	1
0	1	AA	18	8.2	0	33	33	16.5	0
0	1	AA	18	8.2	56	1	57	28.5	0.98
0	1	AA	18	8.2	61	0	61	30.5	1
0	1	AA	18	8.2	67	0	67	33.5	1
0	2	AA	18	8.2	26	1	27	13.5	0.96
0	2	AA	18	8.2	88	2	90	45	0.98
0	2	AA	18	8.2	43	18	61	30.5	0.7
0	2	AA	18	8.2	84	0	84	42	1
0	2	AA	18	8.2	105	6	111	55.5	0.95
0	2	AA	18	8.2	139	1	140	70	0.99
0	2	AA	18	8.2	188	0	188	94	1
0	2	AA	18	8.2	89	0	89	44.5	1
0	2	AA	18	8.2	66	2	68	34	0.97
0	2	AA	18	8.2	135	1	136	68	0.99
0	3	AA	18	8.2	93	0	93	46.5	1
0	3	AA	18	8.2	61	7	68	34	0.9
0	3	AA	18	8.2	90	0	90	45	1
0	3	AA	18	8.2	99	1	100	50	0.99
0	3	AA	18	8.2	48	17	65	32.5	0.74
0	3	AA	18	8.2	85	1	86	43	0.99
0	3	AA	18	8.2	66	0	66	33	1
0	3	AA	18	8.2	101	0	101	50.5	1
0	3	AA	18	8.2	115	1	116	58	0.99
0	3	AA	18	8.2	73	0	73	36.5	1
0	4	AA	18	8.2	27	24	51	25.5	0.53
0	4	AA	18	8.2	74	1	75	37.5	0.99
0	4	AA	18	8.2	72	1	73	36.5	0.99
0	4	AA	18	8.2	109	0	109	54.5	1
0	4	AA	18	8.2	85	0	85	42.5	1
0	4	AA	18	8.2	77	2	79	39.5	0.97
0	4	AA	18	8.2	77	0	77	38.5	1
0	4	AA	18	8.2	90	2	92	46	0.98
0	4	AA	18	8.2	82	0	82	41	1
0	1	AH	18	7.5	73	2	75	37.5	0.97
0	1	AH	18	7.5	71	1	72	36	0.99
0	1	AH	18	7.5	89	0	89	44.5	1
0	1	AH	18	7.5	82	0	82	41	1
0	1	AH	18	7.5	54	0	54	27	1
0	1	AH	18	7.5	20	1	21	10.5	0.95
0	1	AH	18	7.5	63	0	63	31.5	1
0	1	AH	18	7.5	41	12	53	26.5	0.77
0	1	AH	18	7.5	40	0	40	20	1
0	1	AH	18	7.5	46	0	46	23	1
0	2	AH	18	7.5	81	2	83	41.5	0.98
0	2	AH	18	7.5	74	7	81	40.5	0.91
0	2	AH	18	7.5	35	0	35	17.5	1
0	2	AH	18	7.5	0	26	26	13	0
0	2	AH	18	7.5	12	2	14	7	0.86
0	2	AH	18	7.5	3	0	3	1.5	1
0	2	AH	18	7.5	56	0	56	28	1
0	2	AH	18	7.5	0	59	59	29.5	0
0	2	AH	18	7.5	59	3	62	31	0.95
0	2	AH	18	7.5	78	0	78	39	1
0	3	AH	18	7.5	70	1	71	35.5	0.99
0	3	AH	18	7.5	58	6	64	32	0.91
0	3	AH	18	7.5	38	8	46	23	0.83
0	3	AH	18	7.5	0	8	8	4	0
0	3	AH	18	7.5	50	0	50	25	1
0	3	AH	18	7.5	44	0	44	22	1
0	3	AH	18	7.5	98	0	98	49	1
0	3	AH	18	7.5	0	5	5	2.5	0
0	3	AH	18	7.5	39	1	40	20	0.98
0	3	AH	18	7.5	100	0	100	50	1
0	4	AH	18	7.5	97	1	98	49	0.99
0	4	AH	18	7.5	5	7	12	6	0.42
0	4	AH	18	7.5	61	0	61	30.5	1
0	4	AH	18	7.5	72	0	72	36	1
0	4	AH	18	7.5	18	7	25	12.5	0.72
0	1	HA	22	8.2	57	4	61	30.5	0.93
0	1	HA	22	8.2	70	0	70	35	1
0	1	HA	22	8.2	0	12	12	6	0
0	1	HA	22	8.2	0	27	27	13.5	0
0	1	HA	22	8.2	37	0	37	18.5	1
0	1	HA	22	8.2	28	0	28	14	1
0	1	HA	22	8.2	40	6	46	23	0.87
0	1	HA	22	8.2	0	26	26	13	0
0	1	HA	22	8.2	22	3	25	12.5	0.88
0	1	HA	22	8.2	59	0	59	29.5	0.98
0	2	HA	22	8.2	57	0	57	28.5	1
0	2	HA	22	8.2	56	0	56	28	1
0	2	HA	22	8.2	50	0	50	25	1
0	2	HA	22	8.2	33	0	33	16.5	1
0	2	HA	22	8.2	50	0	50	25	1
0	2	HA	22	8.2	80	0	80	40	1
0	2	HA	22	8.2	71	0	71	35.5	1
0	2	HA	22	8.2	65	0	65	32.5	1
0	2	HA	22	8.2	0	44	44	22	0
0	2	HA	22	8.2	0	17	17	8.5	0
0	3	HA	22	8.2	85	0	85	42.5	1
0	3	HA	22	8.2	0	47	47	23.5	0
0	3	HA	22	8.2	17	22	39	19.5	0.44
0	3	HA	22	8.2	0	29	29	14.5	0
0	3	HA	22	8.2	0	25	25	12.5	0
0	3	HA	22	8.2	79	0	79	39.5	1
0	3	HA	22	8.2	59	1	60	30	0.98
0	3	HA	22	8.2	59	0	59	29.5	1
0	3	HA	22	8.2	27	3	30	15	0.9
0	3	HA	22	8.2	50	0	50	25	1
0	4	HA	22	8.2	17	0	17	8.5	1
0	4	HA	22	8.2	50	0	50	25	1
0	4	HA	22	8.2	30	1	31	15.5	0.97
0	4	HA	22	8.2	0	29	29	14.5	0
0	1	HH	22	7.5	39	1	40	20	0.98
0	1	HH	22	7.5	11	1	12	6	0.92
0	1	HH	22	7.5	25	0	25	12.5	1
0	1	HH	22	7.5	27	0	27	13.5	1
0	1	HH	22	7.5	23	0	23	11.5	1
0	1	HH	22	7.5	0	17	17	8.5	0
0	1	HH	22	7.5	3	2	5	2.5	0.6
0	1	HH	22	7.5	0	33	33	16.5	0
0	1	HH	22	7.5	0	11	11	5.5	0
0	1	HH	22	7.5	17	1	18	9	0.94
0	2	HH	22	7.5	18	2	20	10	0.9
0	2	HH	22	7.5	0	22	22	11	0
0	2	HH	22	7.5	0	20	20	10	0
0	2	HH	22	7.5	17	4	21	10.5	0.81
0	2	HH	22	7.5	33	0	33	16.5	1
0	2	HH	22	7.5	7	2	9	4.5	0.78
0	2	HH	22	7.5	29	0	29	14.5	1
0	2	HH	22	7.5	15	4	19	9.5	0.79
0	2	HH	22	7.5	41	4	45	22.5	0.91
0	2	HH	22	7.5	0	6	6	3	0
0	3	HH	22	7.5	0	2	2	1	0
0	3	HH	22	7.5	0	7	7	3.5	0
0	3	HH	22	7.5	0	27	27	13.5	0
0	3	HH	22	7.5	0	2	2	1	0
0	3	HH	22	7.5	0	14	14	7	0
0	3	HH	22	7.5	0	34	34	17	0
0	3	HH	22	7.5	33	2	35	17.5	0.94
0	3	HH	22	7.5	0	15	15	7.5	0
0	3	HH	22	7.5	26	0	26	13	1
0	3	HH	22	7.5	0	20	20	10	0
0	4	HH	22	7.5	0	3	3	1.5	0
0	4	HH	22	7.5	0	21	21	10.5	0
0	4	HH	22	7.5	0	32	32	16	0
0	4	HH	22	7.5	0	12	12	6	0
0	4	HH	22	7.5	0	16	16	8	0
0	4	HH	22	7.5	0	3	3	1.5	0
3	1	AA	18	8.2	17		17	8.5	1
3	1	AA	18	8.2	29		29	14.5	1
3	1	AA	18	8.2					
3	1	AA	18	8.2	18	8	26	13	0.69
3	1	AA	18	8.2	5		5	2.5	1
3	1	AA	18	8.2					
3	1	AA	18	8.2	27	1	28	14	0.96
3	1	AA	18	8.2	10	1	11	5.5	0.91
3	1	AA	18	8.2	23		23	11.5	1
3	1	AA	18	8.2	23	8	31	15.5	0.74
3	2	AA	18	8.2	6	16	22	11	0.27
3	2	AA	18	8.2	40		40	20	1
3	2	AA	18	8.2		3	3	1.5	0
3	2	AA	18	8.2	30		30	15	1
3	2	AA	18	8.2	30		30	15	1
3	2	AA	18	8.2	24		24	12	1
3	2	AA	18	8.2	59	9	68	34	0.87
3	2	AA	18	8.2	45		45	22.5	1
3	2	AA	18	8.2	20	1	21	10.5	0.95
3	2	AA	18	8.2	8		8	4	1
3	3	AA	18	8.2	48		48	24	1
3	3	AA	18	8.2	42	1	43	21.5	0.98
3	3	AA	18	8.2	46		46	23	1
3	3	AA	18	8.2	19		19	9.5	1
3	3	AA	18	8.2	34	2	36	18	0.94
3	3	AA	18	8.2	22	1	23	11.5	0.96
3	3	AA	18	8.2	1	3	4	2	0.25
3	3	AA	18	8.2	35		35	17.5	1
3	3	AA	18	8.2	20		20	10	1
3	3	AA	18	8.2	30	2	32	16	0.94
3	1	AH	18	7.5	4	30	34	17	0.12
3	1	AH	18	7.5	38		38	19	1
3	1	AH	18	7.5	33		33	16.5	1
3	1	AH	18	7.5	12		12	6	1
3	1	AH	18	7.5	26	4	30	15	0.87
3	1	AH	18	7.5	19	12	31	15.5	0.61
3	1	AH	18	7.5	37	2	39	19.5	0.95
3	1	AH	18	7.5	60		60	30	1
3	1	AH	18	7.5	15	32	47	23.5	0.32
3	1	AH	18	7.5	73	4	77	38.5	0.95
3	2	AH	18	7.5	66	1	67	33.5	0.99
3	2	AH	18	7.5		35	35	17.5	0
3	2	AH	18	7.5	26	10	36	18	0.72
3	2	AH	18	7.5	68	2	70	35	0.97
3	2	AH	18	7.5		36	36	18	0
3	2	AH	18	7.5	41		41	20.5	1
3	2	AH	18	7.5	33	3	36	18	0.92
3	2	AH	18	7.5		53	53	26.5	0
3	2	AH	18	7.5		14	14	7	0
3	2	AH	18	7.5	36	1	37	18.5	0.97
3	3	AH	18	7.5	15	45	60	30	0.25
3	3	AH	18	7.5	35		35	17.5	1
3	3	AH	18	7.5		28	28	14	0
3	3	AH	18	7.5	51	1	52	26	0.98
3	3	AH	18	7.5	31		15.5	7.75	1
3	3	AH	18	7.5	1		1	0.5	1
3	3	AH	18	7.5	48	1	24.5	12.25	0.98
3	3	AH	18	7.5	68	13	81	40.5	0.84
3	3	AH	18	7.5	19	23	42	21	0.45
3	3	AH	18	7.5	49		49	24.5	1
3	4	AH	18	7.5	71	4	75	37.5	0.95
3	4	AH	18	7.5	26	2	28	14	0.93
3	1	HA	22	8.2	32		32	16	1
3	1	HA	22	8.2	2		2	1	1
3	1	HA	22	8.2	31		31	15.5	1
3	1	HA	22	8.2	18		18	9	1
3	1	HA	22	8.2	41		41	20.5	1
3	1	HA	22	8.2	10		10	5	1
3	1	HA	22	8.2		21	21	10.5	0
3	1	HA	22	8.2	61		61	30.5	1
3	1	HA	22	8.2	57	14	71	35.5	0.8
3	1	HA	22	8.2	5	4	9	4.5	0.56
3	2	HA	22	8.2	45		45	22.5	1
3	2	HA	22	8.2	59		59	29.5	1
3	2	HA	22	8.2	96		96	48	1
3	2	HA	22	8.2	28	13	41	20.5	0.68
3	2	HA	22	8.2	101		101	50.5	1
3	2	HA	22	8.2	3	28	31	15.5	0.1
3	2	HA	22	8.2	73		73	36.5	1
3	2	HA	22	8.2	92		46	11.5	1
3	2	HA	22	8.2	33	2	35	17.5	0.94
3	2	HA	22	8.2	69		69	34.5	1
3	3	HA	22	8.2	66	1	67	33.5	0.99
3	3	HA	22	8.2	61		61	30.5	1
3	3	HA	22	8.2	15	6	21	10.5	0.71
3	3	HA	22	8.2	81		81	40.5	1
3	3	HA	22	8.2	83		83	41.5	1
3	3	HA	22	8.2	78		78	39	1
3	3	HA	22	8.2	72	7	79	39.5	0.91
3	3	HA	22	8.2	99		99	49.5	1
3	3	HA	22	8.2	81		81	40.5	1
3	3	HA	22	8.2	63		63	31.5	1
3	4	HA	22	8.2	70		70	35	1
3	4	HA	22	8.2	39		39	19.5	1
3	4	HA	22	8.2		48	48	24	0
3	4	HA	22	8.2	50		50	25	1
3	4	HA	22	8.2	53	2	55	27.5	0.96
3	1	HH	22	7.5	21		21	10.5	1
3	1	HH	22	7.5		30	30	15	0
3	1	HH	22	7.5	43		43	21.5	1
3	1	HH	22	7.5	37		37	18.5	1
3	1	HH	22	7.5	46		46	23	1
3	1	HH	22	7.5	48		48	24	1
3	1	HH	22	7.5	57		57	28.5	1
3	1	HH	22	7.5	7		7	3.5	1
3	1	HH	22	7.5	28		28	14	1
3	2	HH	22	7.5	74		74	37	1
3	2	HH	22	7.5	7		7	3.5	1
3	2	HH	22	7.5	25		25	12.5	1
3	2	HH	22	7.5		18	18	9	0
3	2	HH	22	7.5	51		51	25.5	1
3	2	HH	22	7.5	48		48	24	1
3	2	HH	22	7.5	28		28	14	1
3	2	HH	22	7.5	67		67	33.5	1
3	2	HH	22	7.5	9		9	4.5	1
3	2	HH	22	7.5	6		6	3	1
3	3	HH	22	7.5	72		72	36	1
3	3	HH	22	7.5	44		44	22	1
3	3	HH	22	7.5	45		45	22.5	1
3	3	HH	22	7.5	25		25	12.5	1
3	3	HH	22	7.5	6		6	3	1
3	3	HH	22	7.5	12	3	15	7.5	0.8
3	3	HH	22	7.5		23	23	11.5	0
3	3	HH	22	7.5	80		80	40	1
3	3	HH	22	7.5	41	1	42	21	0.98
3	3	HH	22	7.5	31	1	32	16	0.97
3	4	HH	22	7.5	16	2	18	9	0.89
3	4	HH	22	7.5	35		35	17.5	1
3	4	HH	22	7.5	34		34	17	1
3	4	HH	22	7.5	24	22	46	23	0.52
3	4	HH	22	7.5	30	1	31	15.5	0.97
3	4	HH	22	7.5	17		17	8.5	1
3	4	HH	22	7.5	39		39	19.5	1
12	1	AA	18	8.2	0			16	1
12	1	AA	18	8.2	0			10.66666667	1
12	1	AA	18	8.2	0			23.66666667	1
12	1	AA	18	8.2	0			6	0.777777778
12	1	AA	18	8.2	0			16	0.6875
12	1	AA	18	8.2	0			8.333333333	1
12	1	AA	18	8.2	0			15.33333333	1
12	1	AA	18	8.2	0			12.33333333	1
12	1	AA	18	8.2	0			21.66666667	1
12	1	AA	18	8.2	0			4.333333333	0.307692308
12	2	AA	18	8.2	0			20.33333333	1
12	2	AA	18	8.2	0			16	1
12	2	AA	18	8.2	0			21.33333333	1
12	2	AA	18	8.2	0			27.33333333	1
12	2	AA	18	8.2	0			18.33333333	1
12	2	AA	18	8.2	0			12	1
12	2	AA	18	8.2	0			15.66666667	1
12	2	AA	18	8.2	0			1.333333333	0.5
12	2	AA	18	8.2	0			14.66666667	1
12	2	AA	18	8.2	0			12	0.916666667
12	3	AA	18	8.2	0			15.66666667	1
12	3	AA	18	8.2	0			7.666666667	0
12	3	AA	18	8.2	0			17	1
12	3	AA	18	8.2	0			18	1
12	3	AA	18	8.2	0			12	0.75
12	3	AA	18	8.2	0			9.666666667	1
12	3	AA	18	8.2	0			5	0.266666667
12	3	AA	18	8.2	0			15	0.977777778
12	3	AA	18	8.2	0			8.666666667	0.807692308
12	3	AA	18	8.2	0			8.333333333	1
12	4	AA	18	8.2	0			0	0
12	4	AA	18	8.2	0			12.33333333	1
12	4	AA	18	8.2	0			3.666666667	0.818181818
12	4	AA	18	8.2	0			8.666666667	1
12	4	AA	18	8.2	0			2.333333333	1
12	4	AA	18	8.2	0			9.333333333	0
12	4	AA	18	8.2	0			8.333333333	0.96
12	4	AA	18	8.2	0			4	0.25
12	4	AA	18	8.2	0			12.33333333	1
12	4	AA	18	8.2	0			10.33333333	1
12	1	AH	18	7.5	0			20.66666667	1
12	1	AH	18	7.5	0			38	0.850877193
12	1	AH	18	7.5	0			19.33333333	1
12	1	AH	18	7.5	0			24.33333333	0.945205479
12	1	AH	18	7.5	0			27.33333333	0.987804878
12	1	AH	18	7.5	0			32.33333333	0.587628866
12	1	AH	18	7.5	0			27	0.716049383
12	1	AH	18	7.5	0			4.333333333	1
12	1	AH	18	7.5	0			14.33333333	0.976744186
12	1	AH	18	7.5	0			28.33333333	0.670588235
12	2	AH	18	7.5	0			19.66666667	1
12	2	AH	18	7.5	0			26.66666667	0.425
12	2	AH	18	7.5	0			14	0.357142857
12	2	AH	18	7.5	0			14.66666667	0.977272727
12	2	AH	18	7.5	0			23.33333333	1
12	2	AH	18	7.5	0			8	0.875
12	2	AH	18	7.5	0			20.66666667	0.758064516
12	2	AH	18	7.5	0			20.33333333	0.508196721
12	2	AH	18	7.5	0			29.33333333	1
12	2	AH	18	7.5	0			11.33333333	1
12	3	AH	18	7.5	0			19.66666667	0.627118644
12	3	AH	18	7.5	0			13.5	0.950617284
12	3	AH	18	7.5	0			10.66666667	0
12	3	AH	18	7.5	0			18	0.759259259
12	3	AH	18	7.5	0			23	0.985507246
12	3	AH	18	7.5	0			27.66666667	0.542168675
12	3	AH	18	7.5	0			13.66666667	0.926829268
12	3	AH	18	7.5	0			19.66666667	0.915254237
12	3	AH	18	7.5	0			18	0.851851852
12	3	AH	18	7.5	0			20.66666667	0.35483871
12	4	AH	18	7.5	0			6.333333333	0.736842105
12	4	AH	18	7.5	0			10.33333333	1
12	4	AH	18	7.5	0			12.33333333	0.324324324
12	4	AH	18	7.5	0			8.333333333	1
12	4	AH	18	7.5	0			7	0.238095238
12	4	AH	18	7.5	0			12.66666667	1
12	4	AH	18	7.5	0			0	0
12	4	AH	18	7.5	0			12.33333333	1
12	4	AH	18	7.5	0			9.333333333	0.357142857
12	4	AH	18	7.5	0			11.33333333	0.647058824
12	1	HA	22	8.2	0			3.5	1
12	1	HA	22	8.2	0			3.5	0.857142857
12	1	HA	22	8.2	0			3.5	1
12	1	HA	22	8.2	0			14	0.142857143
12	1	HA	22	8.2	0			18	0.972222222
12	1	HA	22	8.2	0			1	1
12	1	HA	22	8.2	0			13	1
12	1	HA	22	8.2	0			22.5	1
12	1	HA	22	8.2	0			12.5	0
12	1	HA	22	8.2	0			17.5	1
12	2	HA	22	8.2	0			27.5	0.618181818
12	2	HA	22	8.2	0			22.5	0
12	2	HA	22	8.2	0			14.5	1
12	2	HA	22	8.2	0			38	0.960526316
12	2	HA	22	8.2	0			7.5	0.8
12	2	HA	22	8.2	0			14.5	1
12	2	HA	22	8.2	0			34	1
12	2	HA	22	8.2	0			34.5	0.971014493
12	2	HA	22	8.2	0			18.5	1
12	2	HA	22	8.2	0			0	0
12	3	HA	22	8.2	0			5.5	0.909090909
12	3	HA	22	8.2	0			0	0
12	3	HA	22	8.2	0			12	1
12	3	HA	22	8.2	0			12	1
12	3	HA	22	8.2	0			40.5	0.938271605
12	3	HA	22	8.2	0			44	1
12	3	HA	22	8.2	0			17	1
12	3	HA	22	8.2	0			40	1
12	3	HA	22	8.2	0			26	1
12	3	HA	22	8.2	0			39	0.679487179
12	4	HA	22	8.2	0			24	0.708333333
12	4	HA	22	8.2	0			26.5	0.849056604
12	4	HA	22	8.2	0			31.5	0.80952381
12	4	HA	22	8.2	0			43.5	1
12	4	HA	22	8.2	0			0.5	0
12	4	HA	22	8.2	0			14.5	1
12	4	HA	22	8.2	0			30.5	0.885245902
12	4	HA	22	8.2	0			23.5	0
12	4	HA	22	8.2	0			42	0.80952381
12	1	HH	22	7.5	0			28.5	1
12	1	HH	22	7.5	0			35	1
12	1	HH	22	7.5	0			9	1
12	1	HH	22	7.5	0			17.5	0.971428571
12	1	HH	22	7.5	0			12	0.875
12	1	HH	22	7.5	0			28	1
12	1	HH	22	7.5	0			21.5	1
12	1	HH	22	7.5	0			24.5	0.979591837
12	1	HH	22	7.5	0			15.5	1
12	1	HH	22	7.5	0			24	1
12	2	HH	22	7.5	0			5.5	1
12	2	HH	22	7.5	0			10.5	1
12	2	HH	22	7.5	0			27.5	0.981818182
12	2	HH	22	7.5	0			5.5	1
12	2	HH	22	7.5	0			12.5	1
12	2	HH	22	7.5	0			55.5	1
12	2	HH	22	7.5	0			8.5	1
12	2	HH	22	7.5	0			0	0
12	2	HH	22	7.5	0			13.5	0.962962963
12	2	HH	22	7.5	0			21.5	1
12	3	HH	22	7.5	0			36	0.416666667
12	3	HH	22	7.5	0			19	1
12	3	HH	22	7.5	0			0	0
12	3	HH	22	7.5	0			18.5	1
12	3	HH	22	7.5	0			23.5	0.978723404
12	3	HH	22	7.5	0			0	0
12	3	HH	22	7.5	0			25	1
12	3	HH	22	7.5	0			3	1
12	3	HH	22	7.5	0			17.5	1
12	3	HH	22	7.5	0			35.5	1
12	4	HH	22	7.5	0			9.25	0.891891892
12	4	HH	22	7.5	0			20.5	0.951219512
12	4	HH	22	7.5	0			12	0.916666667
12	4	HH	22	7.5	0			28	1
12	4	HH	22	7.5	0			16	0.8125
12	4	HH	22	7.5	0			21	1
12	4	HH	22	7.5	0			29.5	1
12	4	HH	22	7.5	0			25	0.76
12	4	HH	22	7.5	0			15.5	1
12	4	HH	22	7.5	0			19	1
15	1	AA	18	8.2	44			22	1
15	1	AA	18	8.2	32			16	1
15	1	AA	18	8.2	0			18.5	0
15	1	AA	18	8.2	0			18	0
15	1	AA	18	8.2	46			23	1
15	1	AA	18	8.2	26			13	1
15	1	AA	18	8.2	18			9	1
15	1	AA	18	8.2	46			23	1
15	1	AA	18	8.2	20			11	0.91
15	1	AA	18	8.2	38			19	1
15	2	AA	18	8.2	23			11.5	1
15	2	AA	18	8.2	27			13.5	1
15	2	AA	18	8.2	8			4	1
15	2	AA	18	8.2	0			0.5	0
15	2	AA	18	8.2	11			5.5	1
15	2	AA	18	8.2	1			0.5	1
15	2	AA	18	8.2	3			1.5	1
15	2	AA	18	8.2	28			15	0.93
15	2	AA	18	8.2	28			14	1
15	2	AA	18	8.2	38			19.5	0.97
15	3	AA	18	8.2	40			20	1
15	3	AA	18	8.2	37			18.5	1
15	3	AA	18	8.2	15			7.5	1
15	3	AA	18	8.2	26			13	1
15	3	AA	18	8.2	25			13	0.96
15	3	AA	18	8.2	24			13.5	0.89
15	3	AA	18	8.2	7			4	0.88
15	3	AA	18	8.2	27			13.5	1
15	3	AA	18	8.2	15			10.5	0.71
15	3	AA	18	8.2	42			21	1
15	4	AA	18	8.2	0			0	0
15	4	AA	18	8.2	0			0	0
15	4	AA	18	8.2	21			10.5	1
15	4	AA	18	8.2	30			15	1
15	4	AA	18	8.2	13			11	0.59
15	4	AA	18	8.2	0			0	0
15	4	AA	18	8.2	5			2.5	1
15	4	AA	18	8.2	16			8	1
15	1	AH	18	7.5	25			13	0.96
15	1	AH	18	7.5	20			10	1
15	1	AH	18	7.5	20			10.5	0.95
15	1	AH	18	7.5	0			0	0
15	1	AH	18	7.5	13			6.5	1
15	1	AH	18	7.5	15			7.5	1
15	1	AH	18	7.5	1			0.5	1
15	1	AH	18	7.5	7			3.5	1
15	1	AH	18	7.5	18			10	0.9
15	1	AH	18	7.5	24			13	0.92
15	1	AH	18	7.5	23			21	0.55
15	1	AH	18	7.5	37			20	0.93
15	2	AH	18	7.5	25			12.5	1
15	2	AH	18	7.5	34			17	1
15	2	AH	18	7.5	32			16	1
15	2	AH	18	7.5	36			18	1
15	2	AH	18	7.5	24			12	1
15	2	AH	18	7.5	25			13	0.96
15	2	AH	18	7.5	0			0	0
15	2	AH	18	7.5	1			0.5	1
15	2	AH	18	7.5	20			11.5	0.87
15	2	AH	18	7.5	15			8.5	0.88
15	3	AH	18	7.5	16.5			8.25	1
15	3	AH	18	7.5	16.5			8.25	1
15	3	AH	18	7.5	20			11	0.91
15	3	AH	18	7.5	26			13	1
15	3	AH	18	7.5	24			12	1
15	3	AH	18	7.5	34			17	1
15	3	AH	18	7.5	0			1	0
15	3	AH	18	7.5	21			11	0.48
15	3	AH	18	7.5	7			11	0.32
15	3	AH	18	7.5	43			21.5	0.5
15	4	AH	18	7.5	0			24	0
15	4	AH	18	7.5	5			48	0.05
15	4	AH	18	7.5	11			11.5	0.48
15	4	AH	18	7.5	0			23.5	0
15	4	AH	18	7.5	0			23	0
15	4	AH	18	7.5	0			14	0
15	4	AH	18	7.5	12			6	1
15	4	AH	18	7.5	0			22	0
15	4	AH	18	7.5	0			17	0
15	1	HA	22	8.2	56			28	1
15	1	HA	22	8.2	48			24	1
15	1	HA	22	8.2	54			27	1
15	1	HA	22	8.2	26			13	1
15	1	HA	22	8.2	0			0	0
15	1	HA	22	8.2	33			16.5	1
15	1	HA	22	8.2	34			17.5	0.97
15	1	HA	22	8.2	29			14.5	1
15	1	HA	22	8.2	57			28.5	1
15	1	HA	22	8.2	27			13.5	1
15	1	HA	22	8.2	27.5			13.75	1
15	2	HA	22	8.2	27.5			13.75	1
15	2	HA	22	8.2	4			2.5	0.8
15	2	HA	22	8.2	20			10	1
15	2	HA	22	8.2	33			16.5	1
15	2	HA	22	8.2	41			20.5	1
15	2	HA	22	8.2	41			20.5	1
15	2	HA	22	8.2	27			13.5	1
15	2	HA	22	8.2	65			32.5	1
15	2	HA	22	8.2	47			23.5	1
15	2	HA	22	8.2	31			15.5	1
15	3	HA	22	8.2	2			1.5	0.33
15	3	HA	22	8.2	0			0.5	0
15	3	HA	22	8.2	22			11	1
15	3	HA	22	8.2	1			0.5	1
15	3	HA	22	8.2	1			0.5	1
15	3	HA	22	8.2	0			0	0
15	3	HA	22	8.2	0			0	0
15	3	HA	22	8.2	22			11	1
15	3	HA	22	8.2	1			0.5	1
15	3	HA	22	8.2	53			26.5	1
15	4	HA	22	8.2	47			24.5	0.96
15	4	HA	22	8.2	31			15.5	1
15	4	HA	22	8.2	74			37	1
15	4	HA	22	8.2	3			1.5	1
15	4	HA	22	8.2	47			23.5	1
15	4	HA	22	8.2	36			18	1
15	4	HA	22	8.2	64			32	1
15	4	HA	22	8.2	46			23	1
15	4	HA	22	8.2	60			30	1
15	1	HH	22	7.5	19			9.5	1
15	1	HH	22	7.5	15			12.5	0.6
15	1	HH	22	7.5	23			12	0.96
15	1	HH	22	7.5	22			13	0.85
15	1	HH	22	7.5	28			14	1
15	1	HH	22	7.5	29			14.5	1
15	1	HH	22	7.5	21			10.5	1
15	1	HH	22	7.5	25			12.5	1
15	1	HH	22	7.5	1			9.5	0.05
15	1	HH	22	7.5	43			99	0.22
15	2	HH	22	7.5	55			27.5	1
15	2	HH	22	7.5	46			23	1
15	2	HH	22	7.5	1			11	0.05
15	2	HH	22	7.5	31			15.5	1
15	2	HH	22	7.5	55			27.5	1
15	2	HH	22	7.5	21			10.5	1
15	2	HH	22	7.5	58			29	1
15	2	HH	22	7.5	0			8	0
15	2	HH	22	7.5	41			20.5	1
15	2	HH	22	7.5	35			17.5	1
15	3	HH	22	7.5	54			27	1
15	3	HH	22	7.5	62			31	1
15	3	HH	22	7.5	26			13	1
15	3	HH	22	7.5	41			20.5	1
15	3	HH	22	7.5	36			18	1
15	3	HH	22	7.5	44			22	1
15	3	HH	22	7.5	34			17	1
15	3	HH	22	7.5	5			2.5	1
15	3	HH	22	7.5	20			10	1
15	3	HH	22	7.5	37			18.5	1
15	4	HH	22	7.5	11			5.5	1
15	4	HH	22	7.5	29			14.5	1
15	4	HH	22	7.5	32			16	1
15	4	HH	22	7.5	20			10	1
15	4	HH	22	7.5	17			8.5	1
15	4	HH	22	7.5	3			1.5	1
15	4	HH	22	7.5	9			4.5	1
15	4	HH	22	7.5	45			22.5	1
15	4	HH	22	7.5	20			10	1
15	4	HH	22	7.5	25			12.5	1
6	1	AA	18	8.2	0			8.5	1
6	1	AA	18	8.2	0			14.5	1
6	1	AA	18	8.2	0			0	0
6	1	AA	18	8.2	0			13	0.692307692
6	1	AA	18	8.2	0			2.5	1
6	1	AA	18	8.2	0			0	0
6	1	AA	18	8.2	0			14	0.964285714
6	1	AA	18	8.2	0			5.5	0.909090909
6	1	AA	18	8.2	0			11.5	1
6	1	AA	18	8.2	0			15.5	0.741935484
6	2	AA	18	8.2	0			16	0.9375
6	2	AA	18	8.2	0			11	0
6	2	AA	18	8.2	0			11	0.272727273
6	2	AA	18	8.2	0			20	1
6	2	AA	18	8.2	0			1.5	0
6	2	AA	18	8.2	0			1.5	0
6	2	AA	18	8.2	0			15	1
6	2	AA	18	8.2	0			15	1
6	2	AA	18	8.2	0			12	1
6	2	AA	18	8.2	0			0	0
6	3	AA	18	8.2	0			34	0.867647059
6	3	AA	18	8.2	0			22.5	1
6	3	AA	18	8.2	0			34	1
6	3	AA	18	8.2	0			10.5	0.952380952
6	3	AA	18	8.2	0			4	1
6	3	AA	18	8.2	0			24	1
6	3	AA	18	8.2	0			21.5	0.976744186
6	3	AA	18	8.2	0			4	0
6	3	AA	18	8.2	0			23	1
6	3	AA	18	8.2	0			0	0
6	4	AA	18	8.2	0			9.5	1
6	4	AA	18	8.2	0			18	0.944444444
6	4	AA	18	8.2	0			0	0
6	4	AA	18	8.2	0			5.5	0.909090909
6	4	AA	18	8.2	0			11.5	0.956521739
6	4	AA	18	8.2	0			2	0.25
6	4	AA	18	8.2	0			32	0
6	4	AA	18	8.2	0			17.5	1
6	4	AA	18	8.2	0			10	1
6	4	AA	18	8.2	0			16	0.9375
6	1	AH	18	7.5	0			17	0.117647059
6	1	AH	18	7.5	0			19	1
6	1	AH	18	7.5	0			16.5	1
6	1	AH	18	7.5	0			6	1
6	1	AH	18	7.5	0			15	0.866666667
6	1	AH	18	7.5	0			19	0.236842105
6	1	AH	18	7.5	0			15.5	0.612903226
6	1	AH	18	7.5	0			19.5	0.948717949
6	1	AH	18	7.5	0			30	1
6	1	AH	18	7.5	0			23.5	0.319148936
6	2	AH	18	7.5	0			4.5	0
6	2	AH	18	7.5	0			38.5	0.948051948
6	2	AH	18	7.5	0			33.5	0.985074627
6	2	AH	18	7.5	0			17.5	0
6	2	AH	18	7.5	0			18	0.722222222
6	2	AH	18	7.5	0			35	0.971428571
6	2	AH	18	7.5	0			18	0
6	2	AH	18	7.5	0			20.5	1
6	2	AH	18	7.5	0			18	0.916666667
6	2	AH	18	7.5	0			26.5	0
6	3	AH	18	7.5	0			0.5	0
6	3	AH	18	7.5	0			7	0
6	3	AH	18	7.5	0			5.5	1
6	3	AH	18	7.5	0			18.5	0.972972973
6	3	AH	18	7.5	0			30	0.25
6	3	AH	18	7.5	0			17.5	1
6	3	AH	18	7.5	0			14	0
6	3	AH	18	7.5	0			26	0.980769231
6	3	AH	18	7.5	0			15.5	1
6	3	AH	18	7.5	0			0.5	1
6	4	AH	18	7.5	0			24.5	0.979591837
6	4	AH	18	7.5	0			7	0.571428571
6	4	AH	18	7.5	0			21.5	0.674418605
6	4	AH	18	7.5	0			0	0
6	4	AH	18	7.5	0			40.5	0.839506173
6	4	AH	18	7.5	0			21	0.452380952
6	4	AH	18	7.5	0			0	0
6	4	AH	18	7.5	0			24.5	1
6	4	AH	18	7.5	0			37.5	0.946666667
6	4	AH	18	7.5	0			14	0.928571429
6	1	HA	22	8.2	0			16	1
6	1	HA	22	8.2	0			1	1
6	1	HA	22	8.2	0			15.5	1
6	1	HA	22	8.2	0			9	1
6	1	HA	22	8.2	0			13.5	0.962962963
6	1	HA	22	8.2	0			0.5	1
6	1	HA	22	8.2	0			15	0.9
6	1	HA	22	8.2	0			20.5	1
6	1	HA	22	8.2	0			5	1
6	1	HA	22	8.2	0			10.5	0
6	2	HA	22	8.2	0			30.5	1
6	2	HA	22	8.2	0			35.5	0.802816901
6	2	HA	22	8.2	0			4.5	0.555555556
6	2	HA	22	8.2	0			22.5	1
6	2	HA	22	8.2	0			29.5	1
6	2	HA	22	8.2	0			48	1
6	2	HA	22	8.2	0			20.5	0.682926829
6	2	HA	22	8.2	0			50.5	1
6	2	HA	22	8.2	0			15.5	0.096774194
6	2	HA	22	8.2	0			36.5	1
6	3	HA	22	8.2	0			23	1
6	3	HA	22	8.2	0			17.5	0.942857143
6	3	HA	22	8.2	0			34.5	1
6	3	HA	22	8.2	0			33.5	0.985074627
6	3	HA	22	8.2	0			30.5	1
6	3	HA	22	8.2	0			3.5	1
6	3	HA	22	8.2	0			10.5	0.714285714
6	3	HA	22	8.2	0			40.5	1
6	3	HA	22	8.2	0			41.5	1
6	3	HA	22	8.2	0			39	1
6	4	HA	22	8.2	0			39.5	0.911392405
6	4	HA	22	8.2	0			0	0
6	4	HA	22	8.2	0			49.5	1
6	4	HA	22	8.2	0			40.5	1
6	4	HA	22	8.2	0			31.5	1
6	4	HA	22	8.2	0			35	1
6	4	HA	22	8.2	0			19.5	1
6	4	HA	22	8.2	0			24	0
6	4	HA	22	8.2	0			25	1
6	4	HA	22	8.2	0			27.5	0.963636364
6	1	HH	22	7.5	0			10.5	1
6	1	HH	22	7.5	0			15	0
6	1	HH	22	7.5	0			21.5	1
6	1	HH	22	7.5	0			18.5	1
6	1	HH	22	7.5	0			23	1
6	1	HH	22	7.5	0			24	1
6	1	HH	22	7.5	0			28.5	1
6	1	HH	22	7.5	0			3.5	1
6	1	HH	22	7.5	0			14	1
6	1	HH	22	7.5	0			37	1
6	2	HH	22	7.5	0			3.5	1
6	2	HH	22	7.5	0			12.5	1
6	2	HH	22	7.5	0			9	0
6	2	HH	22	7.5	0			25.5	1
6	2	HH	22	7.5	0			24	1
6	2	HH	22	7.5	0			14	1
6	2	HH	22	7.5	0			33.5	1
6	2	HH	22	7.5	0			0	0
6	2	HH	22	7.5	0			4.5	1
6	2	HH	22	7.5	0			3	1
6	3	HH	22	7.5	0			36	1
6	3	HH	22	7.5	0			22	1
6	3	HH	22	7.5	0			22.5	1
6	3	HH	22	7.5	0			12.5	1
6	3	HH	22	7.5	0			3	1
6	3	HH	22	7.5	0			7.5	0.8
6	3	HH	22	7.5	0			11.5	0
6	3	HH	22	7.5	0			40	1
6	3	HH	22	7.5	0			0	0
6	3	HH	22	7.5	0			21	0.976190476
6	4	HH	22	7.5	0			16	0.96875
6	4	HH	22	7.5	0			0	0
6	4	HH	22	7.5	0			9	0.888888889
6	4	HH	22	7.5	0			17.5	1
6	4	HH	22	7.5	0			17	1
6	4	HH	22	7.5	0			0	0
6	4	HH	22	7.5	0			23	0.52173913
6	4	HH	22	7.5	0			15.5	0.967741935
6	4	HH	22	7.5	0			8.5	1
6	4	HH	22	7.5	0			19.5	1
10	1	AA	18	8.2	0			9	0.777777778
10	1	AA	18	8.2	0			12.5	1
10	1	AA	18	8.2	0			12	0.916666667
10	1	AA	18	8.2	0			11.5	1
10	1	AA	18	8.2	0			9	0.611111111
10	1	AA	18	8.2	0			1.5	0
10	1	AA	18	8.2	0			11.5	0.173913043
10	1	AA	18	8.2	0			12	1
10	1	AA	18	8.2	0			13.5	1
10	1	AA	18	8.2	0			29.5	1
10	2	AA	18	8.2	0			7	0.785714286
10	2	AA	18	8.2	0			6.5	0.076923077
10	2	AA	18	8.2	0			13	1
10	2	AA	18	8.2	0			5.5	1
10	2	AA	18	8.2	0			10.5	1
10	2	AA	18	8.2	0			3.5	0
10	2	AA	18	8.2	0			4.5	1
10	2	AA	18	8.2	0			15	0.033333333
10	2	AA	18	8.2	0			19	0.368421053
10	2	AA	18	8.2	0			16.5	0.96969697
10	3	AA	18	8.2	0			11.5	0.956521739
10	3	AA	18	8.2	0			21	0.976190476
10	3	AA	18	8.2	0			14.5	1
10	3	AA	18	8.2	0			10	1
10	3	AA	18	8.2	0			3	0.833333333
10	3	AA	18	8.2	0			13	1
10	3	AA	18	8.2	0			7	1
10	3	AA	18	8.2	0			22.5	1
10	3	AA	18	8.2	0			22	1
10	3	AA	18	8.2	0			20	1
10	4	AA	18	8.2	0			6.5	1
10	4	AA	18	8.2	0			1.5	1
10	4	AA	18	8.2	0			0	0
10	4	AA	18	8.2	0			0	0
10	4	AA	18	8.2	0			17.5	0.085714286
10	4	AA	18	8.2	0			2.5	1
10	4	AA	18	8.2	0			8.5	0.941176471
10	4	AA	18	8.2	0			4	1
10	4	AA	18	8.2	0			7.5	0.533333333
10	4	AA	18	8.2	0			7	0.571428571
10	1	AH	18	7.5	0			10	0.725
10	1	AH	18	7.5	0			15.5	1
10	1	AH	18	7.5	0			19	1
10	1	AH	18	7.5	0			17	1
10	1	AH	18	7.5	0			0	0
10	1	AH	18	7.5	0			9.5	1
10	1	AH	18	7.5	0			10	0.95
10	1	AH	18	7.5	0			3	1
10	1	AH	18	7.5	0			10.5	0.666666667
10	1	AH	18	7.5	0			18	1
10	2	AH	18	7.5	0			11	1
10	2	AH	18	7.5	0			17	1
10	2	AH	18	7.5	0			8.5	0.823529412
10	2	AH	18	7.5	0			23	1
10	2	AH	18	7.5	0			16.5	1
10	2	AH	18	7.5	0			26	1
10	2	AH	18	7.5	0			11.5	0.956521739
10	2	AH	18	7.5	0			5	0
10	2	AH	18	7.5	0			26.5	1
10	2	AH	18	7.5	0			18.5	1
10	3	AH	18	7.5	0			13.5	1
10	3	AH	18	7.5	0			0	0
10	3	AH	18	7.5	0			13	1
10	3	AH	18	7.5	0			7.7	0.948051948
10	3	AH	18	7.5	0			27.5	1
10	3	AH	18	7.5	0			30	0.95
10	3	AH	18	7.5	0			13	0.961538462
10	3	AH	18	7.5	0			0	0
10	3	AH	18	7.5	0			23	1
10	3	AH	18	7.5	0			24.5	1
10	4	AH	18	7.5	0			0	0
10	4	AH	18	7.5	0			9.5	0
10	4	AH	18	7.5	0			4	0.875
10	4	AH	18	7.5	0			0.5	0
10	4	AH	18	7.5	0			16	0.9375
10	4	AH	18	7.5	0			6	0
10	4	AH	18	7.5	0			18	1
10	4	AH	18	7.5	0			8	1
10	4	AH	18	7.5	0			3.5	0
10	4	AH	18	7.5	0			10	1
10	1	HA	22	8.2	0			0	0
10	1	HA	22	8.2	0			0	0
10	1	HA	22	8.2	0			0	0
10	1	HA	22	8.2	0			0	0
10	1	HA	22	8.2	0			0	0
10	1	HA	22	8.2	0			0	0
10	1	HA	22	8.2	0			0	0
10	1	HA	22	8.2	0			0	0
10	1	HA	22	8.2	0			0	0
10	1	HA	22	8.2	0			0	0
10	2	HA	22	8.2	0			0	0
10	2	HA	22	8.2	0			0	0
10	2	HA	22	8.2	0			0	0
10	2	HA	22	8.2	0			0	0
10	2	HA	22	8.2	0			0	0
10	2	HA	22	8.2	0			0	0
10	2	HA	22	8.2	0			0	0
10	2	HA	22	8.2	0			0	0
10	2	HA	22	8.2	0			0	0
10	2	HA	22	8.2	0			0	0
10	3	HA	22	8.2	0			0	0
10	3	HA	22	8.2	0			0	0
10	3	HA	22	8.2	0			0	0
10	3	HA	22	8.2	0			0	0
10	3	HA	22	8.2	0			0	0
10	3	HA	22	8.2	0			0	0
10	3	HA	22	8.2	0			0	0
10	3	HA	22	8.2	0			0	0
10	3	HA	22	8.2	0			0	0
10	3	HA	22	8.2	0			0	0
10	4	HA	22	8.2	0			0	0
10	4	HA	22	8.2	0			0	0
10	4	HA	22	8.2	0			0	0
10	4	HA	22	8.2	0			0	0
10	4	HA	22	8.2	0			0	0
10	4	HA	22	8.2	0			0	0
10	4	HA	22	8.2	0			0	0
10	4	HA	22	8.2	0			0	0
10	4	HA	22	8.2	0			0	0
10	4	HA	22	8.2	0			0	0
9	1	HH	22	7.5	0			9	1
9	1	HH	22	7.5	0			17	1
9	1	HH	22	7.5	0			4.5	0.777777778
9	1	HH	22	7.5	0			14.5	0
9	1	HH	22	7.5	0			15.5	1
9	1	HH	22	7.5	0			21.5	1
9	1	HH	22	7.5	0			20.5	1
9	1	HH	22	7.5	0			14.5	0.896551724
9	1	HH	22	7.5	0			16.5	1
9	1	HH	22	7.5	0			15	0.966666667
9	2	HH	22	7.5	0			6	1
9	2	HH	22	7.5	0			20	0.725
9	2	HH	22	7.5	0			7	0
9	2	HH	22	7.5	0			21.5	1
9	2	HH	22	7.5	0			19.5	1
9	2	HH	22	7.5	0			11	1
9	2	HH	22	7.5	0			12	0
9	2	HH	22	7.5	0			14.5	1
9	2	HH	22	7.5	0			9.5	1
9	2	HH	22	7.5	0			29.5	1
9	3	HH	22	7.5	0			39.5	1
9	3	HH	22	7.5	0			21	1
9	3	HH	22	7.5	0			19.5	1
9	3	HH	22	7.5	0			20.5	0.975609756
9	3	HH	22	7.5	0			33	1
9	3	HH	22	7.5	0			28.5	1
9	3	HH	22	7.5	0			13.5	1
9	3	HH	22	7.5	0			21.5	1
9	3	HH	22	7.5	0			36	1
9	3	HH	22	7.5	0			6	1
9	4	HH	22	7.5	0			13	0
9	4	HH	22	7.5	0			8	1
9	4	HH	22	7.5	0			33	0.984848485
9	4	HH	22	7.5	0			15	1
9	4	HH	22	7.5	0			11	1
9	4	HH	22	7.5	0			26	1
9	4	HH	22	7.5	0			9.5	1
9	4	HH	22	7.5	0			10	1
9	4	HH	22	7.5	0			6	1
9	4	HH	22	7.5	0			19	1
25	1	HH	22	7.5	23	1	24	12	0.958333333
25	1	HH	22	7.5	34	1	35	17.5	0.971428571
25	1	HH	22	7.5	1	18	19	9.5	0.052631579
25	1	HH	22	7.5	42		42	21	1
25	1	HH	22	7.5	38		38	19	1
25	1	HH	22	7.5	64		64	32	1
25	1	HH	22	7.5	69		69	34.5	1
25	1	HH	22	7.5	79	1	80	40	0.9875
25	2	HH	22	7.5	9		9	4.5	1
25	2	HH	22	7.5	35		35	17.5	1
25	2	HH	22	7.5	12	1	13	6.5	0.923076923
25	2	HH	22	7.5	8	1	9	4.5	0.888888889
25	2	HH	22	7.5	17		17	8.5	1
25	2	HH	22	7.5	7	1	8	4	0.875
25	2	HH	22	7.5	6	1	7	3.5	0.857142857
25	2	HH	22	7.5	2		2	1	1
25	2	HH	22	7.5	53		53	26.5	1
25	2	HH	22	7.5	47		47	23.5	1
25	3	HH	22	7.5	53		53	26.5	1
25	3	HH	22	7.5	32		32	16	1
25	3	HH	22	7.5	41		41	20.5	1
25	3	HH	22	7.5	27		27	13.5	1
25	3	HH	22	7.5	19		19	9.5	1
25	3	HH	22	7.5	15		15	7.5	1
25	3	HH	22	7.5	38		38	19	1
25	4	HH	22	7.5	28		28	14	1
25	4	HH	22	7.5	25		25	12.5	1
25	4	HH	22	7.5	15		15	7.5	1
25	4	HH	22	7.5	46		46	23	1
25	4	HH	22	7.5	33	1	34	17	0.970588235
25	4	HH	22	7.5	0	3	3	1.5	0
25	4	HH	22	7.5	6	2	8	4	0.75
25	4	HH	22	7.5	7		7	3.5	1
25	1	HA	22	8.2	26		26	13	1
25	1	HA	22	8.2	28		28	14	1
25	1	HA	22	8.2	8		8	4	1
25	1	HA	22	8.2	19		19	9.5	1
25	1	HA	22	8.2	21	10	31	15.5	0.677419355
25	1	HA	22	8.2	34		34	17	1
25	1	HA	22	8.2	9		9	4.5	1
25	1	HA	22	8.2	9	1	10	5	0.9
25	1	HA	22	8.2	37		37	18.5	1
25	1	HA	22	8.2	23		23	11.5	1
25	1	HA	22	8.2	27	1	28	14	0.964285714
25	1	HA	22	8.2	33		33	16.5	1
25	2	HA	22	8.2	29		29	14.5	1
25	2	HA	22	8.2	35		35	17.5	1
25	2	HA	22	8.2	26		26	13	1
25	2	HA	22	8.2	26		26	13	1
25	2	HA	22	8.2	48		48	24	1
25	2	HA	22	8.2	29	1	30	15	0.966666667
25	2	HA	22	8.2	37	1	38	19	0.973684211
25	2	HA	22	8.2	41		41	20.5	1
25	2	HA	22	8.2	8		8	4	1
25	2	HA	22	8.2	26		26	13	1
25	3	HA	22	8.2	24		24	12	1
25	3	HA	22	8.2	7		7	3.5	1
25	3	HA	22	8.2	38		38	19	1
25	3	HA	22	8.2	17		17	8.5	1
25	3	HA	22	8.2	54	2	56	28	0.964285714
25	3	HA	22	8.2	52		52	26	1
25	3	HA	22	8.2	59	1	60	30	0.983333333
25	3	HA	22	8.2	41	2	43	21.5	0.953488372
25	3	HA	22	8.2	47	1	48	24	0.979166667
25	3	HA	22	8.2	50		50	25	1
25	4	HA	22	8.2	42		42	21	1
25	4	HA	22	8.2	49		49	24.5	1
25	1	AA	18	8.2	27	39	66	33	0.409090909
25	1	AA	18	8.2	43		43	21.5	1
25	1	AA	18	8.2	40	2	42	21	0.952380952
25	1	AA	18	8.2	82		82	41	1
25	1	AA	18	8.2	28		28	14	1
25	1	AA	18	8.2	37		37	18.5	1
25	1	AA	18	8.2	54	1	55	27.5	0.981818182
25	1	AA	18	8.2	42	8	50	25	0.84
25	1	AA	18	8.2	47	1	48	24	0.979166667
25	1	AA	18	8.2	61		61	30.5	1
25	1	AA	18	8.2	61		61	30.5	1
25	2	AA	18	8.2	68		68	34	1
25	2	AA	18	8.2	58	5	63	31.5	0.920634921
25	2	AA	18	8.2	79	3	82	41	0.963414634
25	2	AA	18	8.2	38		38	19	1
25	2	AA	18	8.2	94		94	47	1
25	2	AA	18	8.2	101		101	50.5	1
25	2	AA	18	8.2	60	11	71	35.5	0.845070423
25	2	AA	18	8.2	74	2	76	38	0.973684211
25	2	AA	18	8.2	98		98	49	1
25	2	AA	18	8.2	71		71	35.5	1
25	3	AA	18	8.2	94		94	47	1
25	3	AA	18	8.2	71	1	72	36	0.986111111
25	3	AA	18	8.2	57		57	28.5	1
25	3	AA	18	8.2	10	6	16	8	0.625
25	3	AA	18	8.2	85		85	42.5	1
25	3	AA	18	8.2	6	17	23	11.5	0.260869565
25	3	AA	18	8.2	72	2	74	37	0.972972973
25	3	AA	18	8.2	63		63	31.5	1
25	3	AA	18	8.2	74		74	37	1
25	3	AA	18	8.2	11	61	72	36	0.152777778
25	4	AA	18	8.2	104		104	52	1
25	4	AA	18	8.2	41	2	43	21.5	0.953488372
25	4	AA	18	8.2	50		50	25	1
25	4	AA	18	8.2	40	1	41	20.5	0.975609756
25	4	AA	18	8.2	1	11	12	6	0.083333333
25	4	AA	18	8.2	0	0	0	0	0
25	4	AA	18	8.2	6	24	30	15	0.2
25	4	AA	18	8.2	76		76	38	1
25	1	AH	18	7.5	1		1	0.5	1
25	1	AH	18	7.5	49	1	50	25	0.98
25	1	AH	18	7.5	44	5	49	24.5	0.897959184
25	1	AH	18	7.5	3	2	5	2.5	0.6
25	1	AH	18	7.5	7		7	3.5	1
25	1	AH	18	7.5	18		18	9	1
25	1	AH	18	7.5	1	1	2	1	0.5
25	1	AH	18	7.5	57	3	60	30	0.95
25	1	AH	18	7.5	16	4	20	10	0.8
25	1	AH	18	7.5	20	29	49	24.5	0.408163265
25	2	AH	18	7.5	34		34	17	1
25	2	AH	18	7.5	81		81	40.5	1
25	2	AH	18	7.5	10		10	5	1
25	2	AH	18	7.5	37	15	52	26	0.711538462
25	2	AH	18	7.5	73	1	74	37	0.986486486
25	2	AH	18	7.5	74	1	75	37.5	0.986666667
25	2	AH	18	7.5	46	13	59	29.5	0.779661017
25	2	AH	18	7.5	31	17	48	24	0.645833333
25	2	AH	18	7.5	64	2	66	33	0.96969697
25	2	AH	18	7.5	52	9	61	30.5	0.852459016
25	3	AH	18	7.5	55	1	56	28	0.982142857
25	3	AH	18	7.5	57		57	28.5	1
25	3	AH	18	7.5	63	8	71	35.5	0.887323944
25	3	AH	18	7.5	71		71	35.5	1
25	3	AH	18	7.5	36		36	18	1
25	3	AH	18	7.5	74	2	76	38	0.973684211
25	3	AH	18	7.5	51		51	25.5	1
25	3	AH	18	7.5	71		71	35.5	1
25	3	AH	18	7.5	60		60	30	1
25	3	AH	18	7.5	43		43	21.5	1
25	4	AH	18	7.5	26		26	13	1
25	4	AH	18	7.5	12		12	6	1
25	4	AH	18	7.5	11	2	13	6.5	0.846153846
25	4	AH	18	7.5	44	2	46	23	0.956521739
25	4	AH	18	7.5	70		70	35	1
25	4	AH	18	7.5	59		59	29.5	1
25	4	AH	18	7.5	0	0	0	0	0
25	4	AH	18	7.5	40	5	45	22.5	0.888888889
25	4	AH	18	7.5	35	7	42	21	0.833333333
25	4	AH	18	7.5	0	1	1	0.5	0
